0.05025
0.74825
0.498
0.24400000000000005
0.45249999999999996
8.985999999999985
20.801590909091022
4.512999999999997
11.38850000000008
7.44877272727274
3.0899999999999883
6.239356060606073
19.428030303030372
5.393833333333337
12.602113636363637
20.39340151515162
15.237500000000217
8.153333333333341
5.375749999999985
11.80528030303036
2.1689999999999983
7.9235000000000015
16.460363636363656
4.418250000000017
5.866999999999992
4.383416666666672
13.647500000000013
12.431659090909136
2.825249999999993
15.70288636363635
14.254500000000164
7.435750000000009
4.483999999999991
7.29425000000007
17.336416666666594
13.241204545454568
14.318416666666689
5.118477272727269
11.0100833333334
16.0133636363637
10.164333333333337
1.7167499999999996
9.158916666666673
7.2474999999999765
4.20800000000001
15.312666666666574
14.445803030303033
7.443499999999994
9.253250000000028
5.197
11.412083333333367
18.107272727272782
9.700363636363655
8.129
10.176113636363647
1.2382499999999985
3.2885000000000026
6.504083333333326
16.9951666666667
0.22000000000000008
14.516166666666653
10.492863636363722
7.399999999999962
9.719833333333307
19.827083333333288
11.958083333333393
7.636643939393938
19.719583333333333
15.827878787878786
5.031750000000011
13.177666666666795
18.299999999999994
11.059500000000005
5.131000000000012
13.699333333333266
18.631545454545552
17.025500000000033
11.733984848484814
7.341363636363649
5.881333333333334
6.321500000000031
4.907583333333334
18.145833333333325
15.475083333333398
13.294000000000013
15.19825000000019
4.274749999999999
10.42550000000004
6.670666666666662
1.27125
8.08933333333334
6.657333333333339
5.5439999999999925
15.343500000000072
6.863749999999998
2.232533333333335
3.2542500000000008
15.782189393939397
11.41843939393943
13.6594393939394
